0 0.153351 0.039475 0.085001 0.078950
0 0.484291 0.428227 0.183157 0.100927
0 0.526053 0.028181 0.066710 0.056360
0 0.684252 0.036395 0.126129 0.069205
0 0.557170 0.529537 0.198958 0.124558
0 0.673294 0.098321 0.109920 0.065506
0 0.594009 0.026833 0.069498 0.053660
0 0.111665 0.121880 0.049807 0.084388
0 0.524015 0.095946 0.073996 0.081236
0 0.284278 0.527198 0.144037 0.150997
0 0.160716 0.115153 0.048530 0.077950
0 0.286065 0.109364 0.044939 0.077263
0 0.589786 0.093038 0.059937 0.079932
0 0.460329 0.032963 0.067830 0.065925
0 0.683895 0.058736 0.128722 0.115273
0 0.935211 0.051817 0.120352 0.103597
0 0.234751 0.111747 0.059654 0.080661
0 0.408782 0.541732 0.137865 0.084052
