0 0.234771 0.257380 0.213816 0.176816
0 0.444762 0.244512 0.214045 0.065097
0 0.235570 0.257335 0.214522 0.174119
0 0.539450 0.412750 0.180796 0.081488
0 0.593799 0.302528 0.132403 0.109645
0 0.593977 0.302635 0.130264 0.109247
0 0.346264 0.310916 0.147036 0.075126
0 0.472285 0.296030 0.120389 0.055837
0 0.744182 0.291746 0.116795 0.157376
0 0.461053 0.340295 0.167770 0.041059
0 0.315646 0.467259 0.244904 0.196705
0 0.589159 0.502608 0.341353 0.127834
0 0.729306 0.417367 0.204594 0.076906
0 0.047329 0.255432 0.094657 0.145901
0 0.289210 0.720358 0.183427 0.072795
0 0.395578 0.926099 0.205351 0.064999
