0 0.528885 0.663736 0.177666 0.182485
0 0.365881 0.673028 0.180260 0.184121
0 0.374571 0.249515 0.206485 0.289250
0 0.366573 0.671891 0.177175 0.184180
0 0.462942 0.538574 0.121244 0.093425
0 0.582855 0.239307 0.255231 0.304527
0 0.343639 0.540642 0.124694 0.091155
0 0.688971 0.870576 0.112628 0.084047
0 0.529028 0.664988 0.174281 0.181737
0 0.511615 0.894012 0.118793 0.103928
0 0.648049 0.653043 0.193371 0.204433
0 0.156313 0.245577 0.261124 0.305236
0 0.229340 0.687105 0.155441 0.181058
0 0.260865 0.910316 0.117011 0.111421
0 0.808112 0.664187 0.173765 0.192562
0 0.654490 0.653144 0.176910 0.204673
0 0.463392 0.552029 0.120890 0.065476
0 0.731405 0.518309 0.069220 0.074968
0 0.543554 0.535096 0.065006 0.086949
0 0.215220 0.657629 0.184592 0.235325
