0 0.301174 0.556365 0.126209 0.174368
0 0.183297 0.540323 0.120042 0.180318
0 0.471582 0.419396 0.104820 0.118636
0 0.575930 0.425886 0.104238 0.108889
0 0.300987 0.557099 0.126786 0.172585
0 0.422723 0.562732 0.130119 0.176253
0 0.688508 0.284552 0.121096 0.085022
0 0.422809 0.562670 0.130613 0.176629
0 0.545937 0.605677 0.121281 0.257268
0 0.817958 0.086157 0.057946 0.172116
0 0.167816 0.338171 0.123254 0.224504
0 0.477199 0.306972 0.109828 0.114108
0 0.963550 0.150799 0.044558 0.109323
0 0.784239 0.470380 0.108182 0.121273
0 0.680280 0.426162 0.105887 0.209410
0 0.580136 0.318843 0.098401 0.117927
0 0.895253 0.358123 0.103023 0.089676
0 0.888103 0.476466 0.105543 0.108090
