0 0.384713 0.191831 0.240941 0.292192
0 0.643540 0.612463 0.167819 0.188025
0 0.486471 0.489675 0.120748 0.118230
0 0.339669 0.444806 0.198313 0.178128
0 0.643086 0.612269 0.168493 0.188683
0 0.506935 0.897319 0.137475 0.111946
0 0.476659 0.800930 0.124799 0.105762
0 0.486031 0.614128 0.168597 0.180043
0 0.186553 0.608707 0.185120 0.187904
0 0.404243 0.867798 0.116586 0.106375
0 0.485493 0.613525 0.167353 0.179070
0 0.607643 0.483530 0.136362 0.096544
0 0.798699 0.612016 0.157750 0.195873
0 0.091630 0.713557 0.183261 0.456507
0 0.711898 0.479771 0.114873 0.080647
0 0.342866 0.616379 0.181412 0.177890
0 0.356292 0.170484 0.666989 0.334406
0 0.622676 0.177832 0.283770 0.328437
