0 0.836618 0.624050 0.118548 0.245496
0 0.642169 0.635592 0.172476 0.206137
0 0.296190 0.418084 0.306156 0.474627
0 0.753425 0.451703 0.101898 0.151666
0 0.759087 0.630803 0.110074 0.231549
0 0.507194 0.350859 0.128689 0.128728
0 0.517848 0.232806 0.124922 0.143098
0 0.643049 0.634905 0.173038 0.210138
0 0.627556 0.251009 0.109767 0.137286
0 0.307228 0.099325 0.132673 0.198213
0 0.849785 0.442976 0.105233 0.126673
0 0.617220 0.362621 0.106688 0.110467
0 0.863421 0.222582 0.127528 0.126504
0 0.525323 0.689179 0.066866 0.123750
0 0.847463 0.328564 0.121084 0.107323
0 0.946918 0.392421 0.104885 0.096975
