0 0.808100 0.430856 0.309185 0.548951
0 0.311847 0.812675 0.186427 0.243528
0 0.535971 0.426885 0.263774 0.400641
0 0.272660 0.143871 0.076941 0.102574
0 0.206513 0.142655 0.074146 0.103454
0 0.197397 0.045130 0.089108 0.089685
0 0.844757 0.803378 0.239808 0.281173
0 0.318823 0.422772 0.223228 0.080426
0 0.411049 0.142972 0.086139 0.109593
0 0.339679 0.044856 0.077189 0.089517
0 0.149158 0.818405 0.184625 0.210826
0 0.142798 0.143682 0.081207 0.108578
0 0.272063 0.144042 0.075714 0.104261
0 0.279880 0.045583 0.044077 0.090531
