0 0.730982 0.799291 0.166068 0.118352
0 0.123733 0.589561 0.135472 0.141154
0 0.718621 0.657013 0.147366 0.120145
0 0.428455 0.757836 0.112581 0.104762
0 0.464876 0.067766 0.253334 0.135183
0 0.256858 0.382483 0.118188 0.082343
0 0.211362 0.080669 0.192137 0.161338
0 0.885432 0.591131 0.187717 0.112623
0 0.882222 0.823059 0.139246 0.145253
0 0.212756 0.077308 0.192255 0.154617
0 0.721192 0.894933 0.147557 0.109226
0 0.898828 0.834845 0.103115 0.118485
0 0.158716 0.428030 0.072329 0.030281
0 0.888180 0.977942 0.207889 0.044116
0 0.881573 0.906594 0.184395 0.110724
0 0.728373 0.845217 0.165204 0.209963
0 0.501132 0.052313 0.093900 0.087198
0 0.469138 0.230607 0.126075 0.147832
0 0.584200 0.213251 0.123511 0.164380
