0 0.168738 0.292598 0.211935 0.146711
0 0.121334 0.421252 0.174715 0.132110
0 0.792943 0.452171 0.324729 0.245061
0 0.245674 0.422116 0.136103 0.116972
0 0.139208 0.421585 0.213536 0.131677
0 0.237827 0.780075 0.301414 0.368350
0 0.619174 0.611918 0.220157 0.168989
0 0.458449 0.780593 0.240032 0.297600
0 0.922658 0.498616 0.123917 0.164543
0 0.750306 0.461213 0.238899 0.210139
0 0.233504 0.546562 0.107087 0.141744
0 0.173496 0.232456 0.221592 0.267348
0 0.419380 0.422329 0.409775 0.610180
0 0.175635 0.170749 0.176194 0.142513
0 0.358039 0.410514 0.558604 0.570997
0 0.619991 0.610942 0.219401 0.165906
