0 0.855391 0.467754 0.160549 0.078770
0 0.480922 0.469313 0.084384 0.076484
0 0.547250 0.494228 0.084535 0.092512
0 0.404785 0.469207 0.065836 0.065538
0 0.390255 0.608765 0.294891 0.240664
0 0.723795 0.201843 0.094456 0.089600
0 0.824221 0.385995 0.153600 0.097966
0 0.814054 0.305657 0.136529 0.056109
0 0.733838 0.692117 0.342924 0.268545
0 0.381783 0.646077 0.241177 0.170685
0 0.467972 0.378698 0.174374 0.128014
0 0.823816 0.403120 0.152045 0.062486
0 0.443225 0.192556 0.079592 0.063473
0 0.638505 0.029631 0.114575 0.059262
0 0.175996 0.630836 0.139104 0.095057
0 0.691350 0.455501 0.159499 0.087129
0 0.620989 0.171082 0.111371 0.044434
0 0.670703 0.375161 0.145234 0.071818
0 0.442994 0.192662 0.079237 0.064709
0 0.670337 0.374990 0.147471 0.071954
0 0.466045 0.379196 0.169668 0.125558
0 0.618145 0.217182 0.115815 0.072695
