0 0.550538 0.124094 0.179421 0.245507
0 0.552674 0.123632 0.176251 0.243244
0 0.800438 0.145616 0.090115 0.047350
0 0.718107 0.374069 0.047321 0.070051
0 0.717912 0.185933 0.077490 0.043474
0 0.941350 0.911257 0.116327 0.084590
0 0.803981 0.185355 0.098521 0.041274
0 0.905541 0.186905 0.096076 0.060690
0 0.411385 0.681288 0.123692 0.060767
0 0.732434 0.974929 0.167298 0.050143
0 0.653081 0.384845 0.110251 0.053658
0 0.665568 0.086985 0.090710 0.038943
0 0.776576 0.296926 0.089401 0.045497
0 0.881286 0.953289 0.235039 0.093250
0 0.701757 0.225475 0.106343 0.042938
0 0.657616 0.181783 0.044976 0.044888
0 0.902692 0.251065 0.078657 0.048476
0 0.794753 0.221822 0.092299 0.041316
0 0.724450 0.139866 0.059750 0.055910
