0 0.460327 0.399813 0.220493 0.410816
0 0.226951 0.183775 0.113526 0.112042
0 0.225997 0.184101 0.110961 0.111982
0 0.327300 0.158848 0.101515 0.119695
0 0.598458 0.100463 0.168674 0.150095
0 0.520496 0.799417 0.286411 0.249054
0 0.884085 0.063273 0.172316 0.126207
0 0.598186 0.099674 0.174750 0.151866
0 0.745112 0.075183 0.123288 0.144773
0 0.423420 0.133270 0.128170 0.136600
0 0.289848 0.363343 0.130225 0.290324
0 0.885502 0.062769 0.175345 0.125383
0 0.401584 0.049507 0.108596 0.098845
0 0.425073 0.132758 0.120368 0.136980
0 0.327037 0.159153 0.100876 0.119850
0 0.245917 0.064757 0.093557 0.129515
