0 0.359718 0.617902 0.084180 0.195639
0 0.584041 0.736058 0.093637 0.155907
0 0.580383 0.577852 0.095218 0.176905
0 0.483512 0.579808 0.102412 0.151957
0 0.329348 0.454769 0.119645 0.136738
0 0.678009 0.549389 0.126177 0.150398
0 0.489500 0.546460 0.211452 0.180035
0 0.367616 0.757753 0.077775 0.142084
0 0.249245 0.179496 0.115357 0.126023
0 0.864615 0.215822 0.117627 0.215569
0 0.105758 0.557652 0.132160 0.271988
0 0.486443 0.751918 0.105757 0.150192
0 0.790638 0.563393 0.094647 0.170014
0 0.118705 0.759858 0.097983 0.148997
