0 0.175988 0.636376 0.172332 0.251371
0 0.510241 0.799055 0.164657 0.268495
0 0.300496 0.645885 0.186708 0.256110
0 0.198305 0.452526 0.195817 0.191579
0 0.172549 0.637277 0.178347 0.249410
0 0.058821 0.665958 0.117643 0.201426
0 0.646259 0.445415 0.145957 0.242094
0 0.053986 0.504403 0.107972 0.227829
0 0.068682 0.791525 0.074857 0.102085
0 0.859335 0.562223 0.205306 0.387002
0 0.582187 0.219585 0.231622 0.232791
0 0.485754 0.442003 0.129151 0.234497
0 0.230815 0.059763 0.131967 0.115711
0 0.299996 0.644447 0.186822 0.252334
0 0.369661 0.508388 0.170860 0.212150
0 0.905090 0.920262 0.189820 0.159476
0 0.174132 0.847428 0.104424 0.160642
0 0.372515 0.044270 0.073372 0.088539
0 0.310503 0.050463 0.073224 0.100604
0 0.831053 0.204483 0.337893 0.405263
