0 0.662145 0.248630 0.185355 0.105134
0 0.663346 0.248753 0.181703 0.104212
0 0.475031 0.347282 0.187065 0.098869
0 0.634751 0.415923 0.191680 0.068201
0 0.652596 0.342977 0.173795 0.093228
0 0.650903 0.521486 0.199968 0.071922
0 0.632172 0.435992 0.204759 0.109102
0 0.091715 0.526030 0.139652 0.080951
0 0.448891 0.865247 0.206101 0.238239
0 0.096156 0.451770 0.147805 0.079331
0 0.215974 0.255858 0.067960 0.152870
0 0.271672 0.702613 0.193534 0.099124
0 0.259857 0.786266 0.186125 0.116859
0 0.101493 0.608393 0.155606 0.088505
0 0.094698 0.756674 0.145467 0.101116
0 0.650569 0.563477 0.195059 0.059370
0 0.188542 0.376364 0.032759 0.079045
