0 0.604340 0.188098 0.136303 0.187303
0 0.604524 0.188364 0.135642 0.185820
0 0.340760 0.871820 0.297851 0.253355
0 0.592087 0.397107 0.147248 0.218838
0 0.805338 0.641109 0.082123 0.131008
0 0.933922 0.630951 0.090637 0.133162
0 0.438735 0.390956 0.154311 0.186626
0 0.805116 0.641139 0.082617 0.129954
0 0.685704 0.495576 0.136782 0.174664
0 0.799317 0.536969 0.098588 0.081469
0 0.587900 0.831747 0.273649 0.202802
0 0.870421 0.637680 0.055967 0.134039
0 0.807132 0.508871 0.119685 0.145601
0 0.933911 0.630647 0.091272 0.133456
0 0.798484 0.537508 0.099302 0.081247
0 0.806991 0.510472 0.119859 0.147713
0 0.520476 0.543710 0.158561 0.159386
0 0.735550 0.639920 0.065524 0.126158
0 0.918060 0.494183 0.134505 0.163929
0 0.255559 0.405159 0.163955 0.154986
0 0.123316 0.496600 0.246631 0.188763
0 0.870713 0.637672 0.056146 0.132659
0 0.917729 0.493893 0.134626 0.162866
