0 0.573701 0.012823 0.174754 0.025646
0 0.633959 0.731175 0.176454 0.183078
0 0.569078 0.074321 0.173490 0.092246
0 0.731056 0.513920 0.182588 0.174024
0 0.564823 0.164382 0.179848 0.088284
0 0.212282 0.062330 0.185216 0.094789
0 0.823394 0.743117 0.219764 0.186207
0 0.058958 0.141583 0.117700 0.101969
0 0.890246 0.354525 0.207667 0.167123
0 0.390838 0.155381 0.174113 0.106721
0 0.212083 0.151101 0.188293 0.096317
0 0.209750 0.009873 0.183895 0.019704
0 0.749647 0.160636 0.185726 0.092404
0 0.708281 0.372188 0.195337 0.128315
0 0.059230 0.141787 0.117423 0.101295
0 0.895976 0.508940 0.197946 0.184517
0 0.058070 0.046131 0.115771 0.092263
0 0.059035 0.097246 0.118069 0.194492
0 0.919526 0.152940 0.160947 0.100687
0 0.747692 0.057923 0.186365 0.115845
0 0.919149 0.152774 0.161046 0.100328
0 0.397722 0.008042 0.180928 0.016083
