0 0.668972 0.802251 0.247590 0.250234
0 0.408568 0.790046 0.291373 0.308094
0 0.960163 0.396240 0.079673 0.120347
0 0.843883 0.466264 0.128977 0.105828
0 0.712114 0.443775 0.144580 0.123802
0 0.629859 0.143081 0.154817 0.054892
0 0.726630 0.265910 0.189718 0.105779
0 0.847735 0.405543 0.145938 0.096676
0 0.559073 0.205524 0.163071 0.085212
0 0.094487 0.594610 0.188975 0.226231
0 0.571760 0.296908 0.117078 0.130742
0 0.601736 0.570997 0.187490 0.180211
0 0.783358 0.581325 0.179685 0.158451
0 0.585546 0.205699 0.112115 0.085066
0 0.573494 0.420493 0.145281 0.124821
0 0.681750 0.191959 0.094904 0.049939
0 0.815701 0.196551 0.219113 0.133768
0 0.523071 0.143639 0.123428 0.055352
0 0.437902 0.296428 0.148113 0.130624
