0 0.174588 0.705222 0.346523 0.302977
0 0.139168 0.086111 0.109712 0.102840
0 0.369342 0.141045 0.237278 0.268822
0 0.392374 0.164685 0.182772 0.221340
0 0.315115 0.138062 0.345796 0.276125
0 0.135578 0.180078 0.150021 0.099001
0 0.293100 0.356093 0.142330 0.156851
0 0.559877 0.263255 0.114077 0.067071
0 0.483261 0.480549 0.245961 0.148222
0 0.428985 0.346350 0.130973 0.137105
0 0.277135 0.251980 0.138254 0.079073
0 0.468917 0.762161 0.151650 0.110189
0 0.159013 0.322427 0.127203 0.134983
0 0.292562 0.357370 0.144009 0.155309
0 0.546784 0.381110 0.111541 0.057575
0 0.552424 0.322851 0.117137 0.064276
0 0.257372 0.182727 0.135369 0.077628
0 0.819698 0.072191 0.348437 0.142730
0 0.245696 0.121016 0.085932 0.057661
0 0.048783 0.232606 0.096433 0.158128
0 0.300613 0.496645 0.137775 0.130314
0 0.559735 0.210862 0.064331 0.052952
0 0.162608 0.338135 0.131217 0.175019
0 0.920636 0.748954 0.158728 0.278136
0 0.427899 0.384231 0.127819 0.061710
0 0.472083 0.479283 0.225430 0.148904
0 0.553617 0.580325 0.379328 0.181305
0 0.188792 0.484286 0.124238 0.138218
0 0.558320 0.294190 0.120680 0.124430
