0 0.503041 0.692870 0.161981 0.082752
0 0.803040 0.777416 0.127127 0.124649
0 0.342686 0.762595 0.166264 0.107012
0 0.267878 0.357569 0.098467 0.066915
0 0.409544 0.516599 0.157281 0.089680
0 0.816952 0.904933 0.146711 0.144553
0 0.195750 0.285522 0.069936 0.090179
0 0.402878 0.434652 0.181575 0.077522
0 0.504813 0.856134 0.170547 0.084835
0 0.200443 0.038275 0.248949 0.076550
0 0.119560 0.185628 0.095527 0.105820
0 0.866847 0.251488 0.089286 0.100981
0 0.102513 0.359909 0.096157 0.067448
0 0.780053 0.250827 0.094922 0.094822
0 0.719617 0.677158 0.142241 0.082365
0 0.115253 0.282274 0.091722 0.095361
0 0.697333 0.517335 0.123678 0.090311
0 0.817305 0.904827 0.146655 0.144237
0 0.274552 0.270022 0.096004 0.113115
0 0.503386 0.856078 0.168633 0.085386
0 0.323982 0.874940 0.193759 0.114450
0 0.504625 0.776298 0.161228 0.078393
0 0.135519 0.743395 0.127664 0.079015
0 0.597073 0.348174 0.118770 0.084974
0 0.782946 0.165197 0.085136 0.090715
0 0.244364 0.508918 0.186847 0.087261
0 0.206788 0.187523 0.087853 0.106481
0 0.082443 0.447765 0.164886 0.070938
0 0.570230 0.512949 0.114945 0.086396
0 0.710164 0.034344 0.081150 0.068687
0 0.856680 0.403343 0.092259 0.106456
0 0.188780 0.361016 0.069702 0.063197
0 0.798577 0.506152 0.089402 0.107926
0 0.486777 0.973720 0.200195 0.052559
0 0.794617 0.773636 0.355232 0.433360
0 0.508296 0.621423 0.145571 0.042941
0 0.239552 0.439946 0.155151 0.063094
0 0.498655 0.927503 0.177556 0.055919
0 0.851202 0.754212 0.119922 0.124406
0 0.287201 0.173137 0.088704 0.101513
0 0.573509 0.429623 0.111622 0.085306
0 0.780596 0.251144 0.096149 0.093160
0 0.736937 0.356454 0.148641 0.095921
0 0.058119 0.743295 0.116238 0.282305
0 0.124491 0.821228 0.140938 0.080772
0 0.820723 0.506941 0.133063 0.109142
0 0.860407 0.507526 0.049314 0.104157
0 0.071401 0.914649 0.142154 0.117565
0 0.188227 0.360442 0.071347 0.062165
0 0.864957 0.252216 0.090635 0.102765
0 0.342853 0.740117 0.163999 0.062470
0 0.044312 0.038402 0.088624 0.076803
0 0.079306 0.510636 0.152435 0.064675
0 0.791635 0.033120 0.079171 0.066240
0 0.962819 0.031637 0.071835 0.063274
0 0.731611 0.896365 0.082162 0.140120
0 0.873724 0.153850 0.095661 0.113191
0 0.558837 0.262812 0.156904 0.060037
0 0.873189 0.153515 0.095349 0.112731
0 0.712063 0.436420 0.136555 0.082322
0 0.340324 0.790496 0.161670 0.051459
0 0.700658 0.256050 0.073764 0.076854
0 0.885504 0.032993 0.104589 0.065973
0 0.404558 0.218262 0.104418 0.165827
0 0.310648 0.959173 0.192248 0.081584
