0 0.371439 0.064867 0.094803 0.088188
0 0.148933 0.217988 0.128904 0.105946
0 0.531039 0.051539 0.238152 0.065150
0 0.592261 0.097309 0.070370 0.059899
0 0.487450 0.189538 0.126897 0.186744
0 0.596574 0.051761 0.107859 0.065393
0 0.589074 0.206339 0.082641 0.183950
0 0.812314 0.908697 0.175633 0.083692
0 0.480385 0.083694 0.158043 0.055752
0 0.267194 0.499504 0.329939 0.265481
0 0.796543 0.498076 0.201830 0.181539
0 0.640262 0.821252 0.136285 0.071582
0 0.577037 0.770874 0.196745 0.134783
0 0.477512 0.493884 0.269056 0.268417
0 0.470316 0.207898 0.042136 0.144775
0 0.950675 0.961921 0.098650 0.075492
0 0.932215 0.845480 0.135096 0.066386
