0 0.317620 0.046277 0.282047 0.092554
0 0.125741 0.122413 0.142518 0.109216
0 0.583368 0.358044 0.081233 0.149686
0 0.318922 0.046404 0.282115 0.092807
0 0.340088 0.289839 0.131997 0.080372
0 0.561241 0.474284 0.128196 0.095113
0 0.846519 0.346859 0.121733 0.065765
0 0.146091 0.244974 0.173157 0.166303
0 0.895945 0.545820 0.207045 0.168100
0 0.142892 0.218353 0.168622 0.110572
0 0.455816 0.370552 0.112324 0.063457
0 0.254207 0.738166 0.505817 0.428494
0 0.221270 0.122826 0.074924 0.071274
0 0.782969 0.476970 0.117903 0.133833
0 0.446754 0.431350 0.102242 0.061279
0 0.465452 0.308994 0.104060 0.057122
0 0.172462 0.382452 0.148158 0.139356
0 0.806704 0.127431 0.316628 0.126035
0 0.701177 0.458612 0.089784 0.103378
0 0.531401 0.364840 0.047965 0.127284
0 0.172405 0.383529 0.146206 0.140653
0 0.478405 0.354191 0.149362 0.149814
0 0.150655 0.294307 0.154270 0.059436
0 0.326189 0.530776 0.138880 0.106263
0 0.326233 0.397198 0.146967 0.172152
